0.000005 0 0
0.000010 2 0
0.000015 0 0
0.000020 0 0
0.000025 1 0
0.000030 0 0
0.000035 1 0
0.000040 2 0
0.000045 0 0
0.000050 0 0
0.000055 0 0
0.000060 1 0
0.000065 0 0
0.000070 0 0
0.000075 0 0
0.000080 0 0
0.000085 1 0
0.000090 0 0
0.000095 3 0
0.000100 1 0
0.000105 0 0
0.000110 0 0
0.000115 2 0
0.000120 0 0
0.000125 0 0
0.000130 1 0
0.000135 0 0
0.000140 1 0
0.000145 1 0
0.000150 0 0
0.000155 1 0
0.000160 0 0
0.000165 1 0
0.000170 1 0
0.000175 1 0
0.000180 0 0
0.000185 0 0
0.000190 0 0
0.000195 0 0
0.000200 0 0
0.000205 0 0
0.000210 0 0
0.000215 0 0
0.000220 0 0
0.000225 0 0
0.000230 1 0
0.000235 0 0
0.000240 0 0
0.000245 0 0
0.000250 0 0
0.000255 1 0
0.000260 0 0
0.000265 0 1
0.000270 0 0
0.000275 0 1
0.000280 0 1
0.000285 0 4
0.000290 0 2
0.000295 2 7
0.000300 0 8
0.000305 3 20
0.000310 4 29
0.000315 8 69
0.000320 22 105
0.000325 20 68
0.000330 48 69
0.000335 58 64
0.000340 85 80
0.000345 32 55
0.000350 38 69
0.000355 50 45
0.000360 58 42
0.000365 52 27
0.000370 41 17
0.000375 42 21
0.000380 39 12
0.000385 26 6
0.000390 21 10
0.000395 16 5
0.000400 25 3
0.000405 17 2
0.000410 8 1
0.000415 7 2
0.000420 6 0
0.000425 8 3
0.000430 5 1
0.000435 5 0
0.000440 7 3
0.000445 2 2
0.000450 2 0
0.000455 0 0
0.000460 0 3
0.000465 3 3
0.000470 0 0
0.000475 0 2
0.000480 2 2
0.000485 4 4
0.000490 3 3
0.000495 0 0
0.000500 6 1
0.000505 2 0
0.000510 0 2
0.000515 4 0
0.000520 2 1
0.000525 3 0
0.000530 1 1
0.000535 1 2
0.000540 2 1
0.000545 3 3
0.000550 1 3
0.000555 1 3
0.000560 3 2
0.000565 3 2
0.000570 2 1
0.000575 1 2
0.000580 2 3
0.000585 4 1
0.000590 3 2
0.000595 3 0
0.000600 3 0
0.000605 2 2
0.000610 1 2
0.000615 1 1
0.000620 3 4
0.000625 1 2
0.000630 1 1
0.000635 1 2
0.000640 3 1
0.000645 2 1
0.000650 0 1
0.000655 3 2
0.000660 1 0
0.000665 1 0
0.000670 3 1
0.000675 1 0
0.000680 3 2
0.000685 2 2
0.000690 2 1
0.000695 2 0
0.000700 2 2
0.000705 3 0
0.000710 1 1
0.000715 4 0
0.000720 3 2
0.000725 2 1
0.000730 0 0
0.000735 2 3
0.000740 1 0
0.000745 0 1
0.000750 2 0
0.000755 0 1
0.000760 2 1
0.000765 3 1
0.000770 0 1
0.000775 2 0
0.000780 0 0
0.000785 0 0
0.000790 3 0
0.000795 0 1
0.000800 2 0
0.000805 2 2
0.000810 0 0
0.000815 1 0
0.000820 1 0
0.000825 1 0
0.000830 0 1
0.000835 3 0
0.000840 2 0
0.000845 3 1
0.000850 0 0
0.000855 0 0
0.000860 1 1
0.000865 1 2
0.000870 2 2
0.000875 1 0
0.000880 0 1
0.000885 1 2
0.000890 0 0
0.000895 0 0
0.000900 3 0
0.000905 0 3
0.000910 2 1
0.000915 1 0
0.000920 4 0
0.000925 2 1
0.000930 1 1
0.000935 0 0
0.000940 3 0
0.000945 1 0
0.000950 0 2
0.000955 1 1
0.000960 0 0
0.000965 0 0
0.000970 1 0
0.000975 0 1
0.000980 2 1
0.000985 3 2
0.000990 0 1
0.000995 0 0
0.001000 3 3
